GROUP𐀀	testgroup 

	GRID HEXAGONAL  
	ELEMENT 
	   GEOMETRY CIRCK -2 0 1 11 
 -2 0 1 11 
 -2 0 1 11 
 -2 0 1 11 
 -2 0 1 11 
 -2 0 1 11 
 -2 0 1 11 
 -2 0 1 11 
 -2 0 1 11 
 -2 0 1 11 
 -2 0 1 11 
 -2 0 1 11 
 -2 0 1 11 
 -2 0 1 11 
 -2 0 1 11 
 -2 0 1 11 
 -2 0 1 11 
 -2 0 1 11 
 -2 0 1 11 
 -2 0 1 11 
 -2 0 1 11 
 -2 0 1 11 
 -2 0 1 11 
 -2 0 1 11 
 -2 0 1 11 
 -2 0 1 11 
 -2 0 1 11 
 -2 0 1 11 
 -2 0 1 11 
 -2 0 1 11 
 -2 0 1 11 
 -2 0 1 11 
 -2 0 1 11 
 -2 0 1 11 
 -2 0 1 11 
 -2 0 1 11 
 -2 0 1 11 
 -2 0 1 11 
 -2 0 1 11 
 -2 0 1 11 
 -2 0 1 11 
 -2 0 1 11 
 -2 0 1 11 
 -2 0 1 11 
 -2 0 1 11 
 -2 0 1 11 
 -2 0 1 11 
 -2 0 1 11 
 -2 0 1 11 
 -2 0 1 11 
 -2 0 1 11 
 -2 0 1 11 
 -2 0 1 11 
 -2 0 1 11 
 -2 0 1 11 
 -2 0 1 11 
 -2 0 1 11 
 -2 0 1 11 

	GROUP_EXCITATION 
	   AMPLITUDE UNIFORM 27 
	   PHASE ROTATION SEQUENTIAL ANGLE -143 -13 

END 
