6222	6222:9;474:9;	radamsa	UBSAN,MSAN,TSAN,LSAN,ASAN,	READ memory access,	address points to the zero page,	
0x7f19ff4189cf	0x7f19ff4189cf	AFL++	UBSAN,	READ memory access,	address points to the zero page,nested bug in the same thread,	
5422	5422;5422;6748;4029;3582;3881;483;	radamsa	NOSAN,			
5404	5404;5404;7079;4062;3582;3881;483;	radamsa	NOSAN,			
5404	5404;5404;3616;3872;483;	radamsa	NOSAN,			
3056	3056;3056;1330;	radamsa	NOSAN,			
5216	5216;5216;	radamsa	NOSAN,			
5208	5208;5208;	radamsa	NOSAN,			
5404	5404;5404;3853;483;	radamsa	NOSAN,			
1295	1295;	radamsa	NOSAN,			
8092	8092;8092;3101;3446;3573;3881;483;	radamsa	NOSAN,			
3056	3056;3056;1295;	radamsa	NOSAN,			
8092	8092;8092;3101;1423;2953;7930;1673;3535;3859;483;	radamsa	NOSAN,			
3056	3056;3056;4252;	radamsa	NOSAN,			
8092	8092;8092;3101;3833;483;	radamsa	NOSAN,			
5404	5404;5404;6748;4029;3582;3881;483;	radamsa	NOSAN,			
8092	8092;8092;3074;6696;4029;3582;3881;483;	radamsa	NOSAN,			
5226	5226;5226;	radamsa	NOSAN,			
4252	4252;	radamsa	NOSAN,			
8092	8092;8092;3101;6698;4029;3582;3881;483;	radamsa	NOSAN,			
4988	4988;	radamsa	NOSAN,			
5221	5221;5221;	radamsa	NOSAN,			
8092	8092;8092;3101;6731;4029;3582;3881;483;	radamsa	NOSAN,			
4987	4987;4987;	radamsa	NOSAN,			
8092	8092;8092;3101;5631;7945;1673;3535;3859;483;	radamsa	NOSAN,			
8092	8092;8092;3101;6696;4029;3582;3881;483;	radamsa	NOSAN,			
5247	5247;5247;	radamsa	NOSAN,			
8092	8092;8092;3101;4001;3582;3881;483;	radamsa	NOSAN,			
8092	8092;8092;3101;8023;4306;3733;3523;3859;483;	radamsa	NOSAN,			
8092	8092;8092;3101;6720;4029;3582;3881;483;	radamsa	NOSAN,			
8092	8092;8092;3101;8235;4008;3582;3881;483;	radamsa	NOSAN,			
1330	1330;	radamsa	NOSAN,			
3034	3034;3034;	radamsa	NOSAN,			
3774	3774;3774;	radamsa	NOSAN,			
3085	3085;3085;	radamsa	NOSAN,			
5264	5264;	radamsa	NOSAN,			
3056	3056;3056;5264;	radamsa	NOSAN,			
8092	8092;8092;3101;1655;3535;3859;483;	radamsa	NOSAN,			
8092	8092;8092;3101;542;863;3632;3872;483;	radamsa	NOSAN,			
8092	8092;8092;3074;542;863;3632;3872;483;	radamsa	NOSAN,			
8092	8092;8092;3074;3446;3573;3881;483;	radamsa	NOSAN,			
5398	5398;5398;3853;483;	radamsa	NOSAN,			
8092	8092;8092;3074;2929;7930;1673;3535;3859;483;	radamsa	NOSAN,			
5261	5261;5261;	radamsa	NOSAN,			
794	794;794;	radamsa	NOSAN,			
3833	3833;3833;	radamsa	NOSAN,			
2811	2811;2811;1295;	radamsa	NOSAN,			
5404	5404;5404;	radamsa	NOSAN,			
7468	7468;7468;	radamsa	NOSAN,			
3142	3142;3142;	radamsa	NOSAN,			
8092	8092;8092;3248;3840;483;	radamsa	NOSAN,			
7315	7315;7315;7729;500;	radamsa	NOSAN,			
8092	8092;8092;3101;1381;5652;7945;1673;3535;3859;483;	radamsa	NOSAN,			
3030	3030;3030;	radamsa	NOSAN,			
7069	7069;7069;	radamsa	NOSAN,			
3732	3732;3732;	radamsa	NOSAN,			
4903	4903;4903;	radamsa	NOSAN,			
4178	4178;4178;518;	radamsa	NOSAN,			
8092	8092;8092;3101;6409;2939;7930;1673;3535;3859;483;	radamsa	NOSAN,			
8092	8092;8092;3101;8058;3708;3523;3859;483;	radamsa	NOSAN,			
8092	8092;8092;3101;2929;7930;1673;3535;3859;483;	radamsa	NOSAN,			
2969	2969;2969;	radamsa	NOSAN,			
6992	6992;6992;	radamsa	NOSAN,			
8092	8092;8092;3074;3700;1295;	radamsa	NOSAN,			
8095	8095;8095;3225;8235;4008;3582;3881;483;	radamsa	NOSAN,			
4713	4713;4713;	radamsa	NOSAN,			
8092	8092;8092;3005;5208;1295;577;863;3632;3872;483;	radamsa	NOSAN,			
7344	7344;7344;7729;500;	radamsa	NOSAN,			
8092	8092;8092;3101;1157;1186;8241;4008;3582;3881;483;	radamsa	NOSAN,			
8092	8092;8092;3018;5208;4252;633;863;3632;3872;483;	radamsa	NOSAN,			
8092	8092;8092;3101;8208;3453;3573;3881;483;	radamsa	NOSAN,			
3131	3131;3131;	radamsa	NOSAN,			
471	471;471;	radamsa	NOSAN,			
5422	5422;5422;3616;3872;483;	radamsa	NOSAN,			
5422	5422;5422;5828;5974;7966;1673;3535;3859;483;	radamsa	NOSAN,			
5422	5422;5422;7079;4062;3582;3881;483;	radamsa	NOSAN,			
5833	5833;	radamsa	NOSAN,			
8092	8092;8092;3074;6167;5866;5974;7966;1673;3535;3859;483;	radamsa	NOSAN,			
8092	8092;8092;3074;3700;3523;3859;483;	radamsa	NOSAN,			
8092	8092;8092;3101;1157;1186;6144;5879;5974;7966;1673;3535;3859;483;	radamsa	NOSAN,			
3056	3056;3056;5833;	radamsa	NOSAN,			
5404	5404;5404;5828;5974;7966;1673;3535;3859;483;	radamsa	NOSAN,			
8092	8092;8092;3101;6709;4029;3582;3881;483;	radamsa	NOSAN,			
8092	8092;8092;3101;1157;1186;6022;5892;5974;7966;1673;3535;3859;483;	radamsa	NOSAN,			
8092	8092;8092;3101;6167;5866;5974;7966;1673;3535;3859;483;	radamsa	NOSAN,			
8092	8092;8092;3101;5762;5857;5974;7966;1673;3535;3859;483;	radamsa	NOSAN,			
8092	8092;8092;3074;1157;1186;6744;4029;3582;3881;483;	radamsa	NOSAN,			
8092	8092;8092;3101;6742;4029;3582;3881;483;	radamsa	NOSAN,			
3292	3292;3292;	radamsa	NOSAN,			
3117	3117;3117;4029;	radamsa	NOSAN,			
UNRECOGNIZED_ERROR	UNRECOGNIZED_ERROR	radamsa	NOSAN,			
8095	8095;8095;6742;	radamsa	NOSAN,			
5768	5768;5768;	radamsa	NOSAN,			
4202	4202;4202;518;	radamsa	NOSAN,			
4958	4958;4958;	radamsa	NOSAN,			
8092	8092;8092;3101;5258;549;3612;3872;483;	radamsa	NOSAN,			
8092	8092;8092;3074;5258;549;3612;3872;483;	radamsa	NOSAN,			
8092	8092;8092;3101;5258;549;863;3632;3872;483;	radamsa	NOSAN,			
8092	8092;8092;3162;2978;1425;2953;7930;1673;3535;3859;483;	radamsa	NOSAN,			
3056	3056;3056;3917;	radamsa	NOSAN,			
3056	3056;3056;959;1330;	radamsa	NOSAN,			
8092	8092;8092;3005;5216;	radamsa	NOSAN,			
7316	7316;7316;	radamsa	NOSAN,			
8092	8092;8092;3101;7075;4062;3582;3881;483;	radamsa	NOSAN,			
863	863;	radamsa	NOSAN,			
3056	3056;3056;5947;	radamsa	NOSAN,			
8092	8092;8092;3101;542;3612;3872;483;	radamsa	NOSAN,			
5813	5813;5813;	radamsa	NOSAN,			
5947	5947;	radamsa	NOSAN,			
6222	6222;474;		NOSAN,			
