-ud
eaT	6
666+
6daY6
66
6
6
666
6

6
666
6
6666
66

6
66




66
666/66/
666

6
666	6
666
6

666
6
666
6
66
66
666/66/
666

6
666
																												666666666666666	6
666
6

666
666
6
666
6
666
6
66
6
6
666
6
666

6
6
666

6
66




66
666/66/
666

6
666	6
666
6

666
6
666
6
66
6
6
666
6
66
6
6
666
6
666
6
66
666
6
666
6
66
666

6daY6
66
6
6
666
6
666
6
66
666
6
666
6
66
666




666


-r6daY